trained information for 75.174.31.107

,Traceroutes
0,"[[4, 68, 63], [184, 99, 65], [75, 174, 31]]"
1,"[[4, 69, 219], [184, 99, 65], [75, 174, 31]]"


trained information for 97.117.140.93

,Traceroutes
0,"[[4, 68, 38], [207, 108, 177], [97, 117, 140]]"
1,"[[4, 69, 219], [4, 68, 38], [97, 117, 140]]"
2,"[[4, 69, 219], [4, 68, 38], [67, 14, 134]]"


trained information for 136.36.62.167

,Traceroutes
0,"[[216, 218, 245], [192, 119, 17], [136, 36, 62]]"
1,"[[184, 105, 80], [216, 218, 245], [136, 36, 62]]"
2,"[[192, 119, 17], [192, 119, 17], [136, 36, 62]]"
3,"[[216, 6, 33], [192, 119, 17], [136, 36, 62]]"
4,"[[4, 68, 111], [216, 6, 33], [136, 36, 62]]"
5,"[[64, 86, 160], [216, 6, 33], [136, 36, 62]]"


trained information for 174.52.180.239

,Traceroutes
0,"[[96, 216, 78], [162, 151, 9], [68, 87, 220]]"
1,"[[68, 86, 166], [24, 124, 175], [68, 87, 220]]"
2,"[[162, 151, 9], [68, 87, 220], [68, 87, 220]]"
3,"[[162, 151, 9], [68, 86, 199], [162, 151, 39]]"
4,"[[96, 216, 78], [162, 151, 9], [162, 151, 39]]"
5,"[[162, 151, 9], [162, 151, 39], [162, 151, 39]]"


trained information for 66.219.235.31

,Traceroutes
0,"[[97, 75, 190], [97, 75, 188], [66, 219, 235]]"
1,"[[97, 75, 190], [97, 75, 190], [97, 75, 188]]"


trained information for 66.219.235.215

,Traceroutes
0,"[[97, 75, 190], [97, 75, 188], [66, 219, 235]]"


trained information for 66.219.236.117

,Traceroutes
0,"[[97, 75, 190], [97, 75, 188], [66, 219, 236]]"


trained information for 69.73.60.141

,Traceroutes
0,"[[24, 96, 249], [216, 186, 189], [69, 73, 17]]"
1,"[[76, 73, 191], [216, 186, 189], [69, 73, 17]]"
2,"[[216, 186, 189], [216, 186, 189], [69, 73, 17]]"
3,"[[75, 76, 35], [216, 186, 189], [69, 73, 17]]"
4,"[[75, 76, 35], [24, 96, 249], [69, 73, 17]]"
5,"[[76, 73, 191], [24, 96, 249], [69, 73, 17]]"
6,"[[62, 115, 153], [216, 186, 189], [69, 73, 17]]"
7,"[[216, 186, 189], [69, 73, 17], [69, 73, 60]]"
8,"[[24, 96, 249], [69, 73, 17], [69, 73, 60]]"
9,"[[4, 16, 38], [69, 73, 17], [69, 73, 60]]"


trained information for 72.160.10.9

,Traceroutes
0,"[[4, 68, 110], [67, 14, 33], [69, 29, 186]]"
1,"[[67, 14, 33], [69, 29, 186], [72, 160, 10]]"
2,"[[206, 51, 69], [69, 29, 186], [72, 160, 10]]"


trained information for 76.8.213.221

,Traceroutes
0,"[[97, 75, 190], [97, 75, 188], [66, 219, 235]]"
1,"[[97, 75, 188], [66, 219, 235], [66, 219, 235]]"


trained information for 76.8.213.231

,Traceroutes
0,"[[97, 75, 190], [97, 75, 188], [66, 219, 235]]"
1,"[[97, 75, 188], [66, 219, 235], [66, 219, 235]]"


trained information for 136.36.203.65

,Traceroutes
0,"[[216, 6, 33], [192, 119, 17], [136, 36, 203]]"
1,"[[64, 86, 160], [216, 6, 33], [136, 36, 203]]"
2,"[[64, 86, 160], [192, 119, 17], [136, 36, 203]]"


trained information for byu.edu

,Traceroutes
0,"[[97, 75, 190], [69, 169, 182], [128, 187, 16]]"
1,"[[97, 75, 190], [76, 8, 208], [128, 187, 16]]"
2,"[[97, 75, 190], [97, 75, 190], [76, 8, 208]]"


